1
1
0
1
0
1
0
0
0
0
0
0
0
0
0
0
0
0
0
0
0
0
1
0
1
0
0
0
0
0
0
0
0
1
0
0
0
0
0
0
0
0
0
0
0
0
1
0
1
1
0
0
0
0
0
1
0
1
0
0
0
0
0
1
0
0
0
1
0
0
1
0
0
0
0
0
1
1
0
0
0
0
0
0
0
0
0
0
0
0
0
0
0
0
0
0
0
0
0
0
0
0
0
0
0
1
0
1
1
1
0
0
0
0
0
1
1
0
0
0
0
0
0
0
0
1
0
1
0
0
0
0
0
0
0
0
0
0
0
0
1
1
0
0
0
0
1
1
1
0
0
0
0
0
0
0
1
0
0
1
0
0
0
0
1
0
1
0
1
0
1
0
1
0
0
0
1
0
0
1
0
1
0
0
1
1
0
1
0
0
0
1
0
0
1
1
0
0
0
1
0
0
0
0
1
0
0
1
1
0
1
1
0
1
0
1
0
1
1
0
0
1
1
0
1
0
1
0
1
1
1
0
0
1
1
0
1
1
1
1
1
1
0
1
0
1
1
1
1
0
1
1
1
1
1
1
1
1
1
1
0
1
1
1
1
1
1
1
1
1
1
1
1
1
0
1
1
1
1
1
1
0
1
1
2
0
1
1
1
2
1
1
1
1
2
0
1
1
1
1
1
1
1
1
1
1
1
1
1
1
1
1
1
1
2
1
1
1
2
1
1
2
1
1
1
1
1
2
2
1
1
1
2
2
1
1
2
1
2
1
2
1
1
1
1
2
1
1
1
2
1
1
2
2
2
2
2
2
2
1
2
2
2
2
2
1
2
2
2
2
2
2
2
2
2
2
2
2
2
2
2
2
2
2
2
2
2
2
1
2
1
3
3
1
2
3
2
3
3
2
2
2
2
2
3
2
3
2
2
2
2
2
3
2
3
2
2
2
2
2
2
2
2
2
3
3
2
3
3
3
2
2
2
2
2
3
3
2
2
2
3
3
2
3
3
3
2
3
3
2
3
3
2
2
2
2
2
2
3
3
2
3
3
3
3
2
3
3
2
3
3
3
3
3
3
3
3
3
3
3
3
2
3
3
3
3
3
4
3
3
3
3
3
3
4
3
3
3
4
4
3
3
3
3
3
3
4
3
4
3
4
3
3
3
3
4
3
3
3
3
3
4
3
3
3
3
3
4
3
3
4
4
4
3
3
4
4
4
5
3
4
3
4
4
4
4
4
4
4
4
5
4
3
4
4
5
4
4
4
4
4
4
4
4
4
4
4
4
4
4
4
4
4
4
4
4
4
5
4
5
4
4
4
4
5
5
4
4
4
5
4
5
4
5
5
5
5
4
4
5
5
4
5
6
5
5
6
5
5
6
6
5
5
6
6
5
6
5
5
5
5
5
6
5
6
6
5
5
5
5
5
6
5
6
6
5
5
6
6
5
5
6
5
6
6
5
6
7
6
7
6
6
6
5
6
6
6
6
6
7
7
6
6
6
7
5
7
7
7
6
7
6
6
7
6
6
6
6
6
7
6
7
7
7
6
6
7
7
8
7
7
7
7
7
7
8
6
7
7
6
7
7
7
7
8
7
7
8
8
8
8
8
7
7
7
7
8
7
8
7
8
8
7
7
7
7
7
8
8
7
8
8
8
8
8
7
8
8
8
7
7
7
8
8
9
8
8
7
8
8
8
8
9
8
8
7
8
8
8
9
9
9
9
8
8
9
8
9
8
9
8
7
9
8
8
9
8
9
9
7
10
9
10
11
9
10
8
9
9
9
9
9
9
10
9
9
9
9
9
9
9
9
9
9
10
9
9
9
10
9
9
9
9
11
9
10
9
10
10
10
10
11
9
10
10
10
9
11
11
9
10
10
10
10
9
10
10
11
10
10
11
11
12
11
11
10
11
11
10
12
10
11
11
11
11
11
10
11
11
10
11
12
11
11
10
12
10
12
11
12
11
11
12
11
11
12
11
12
11
11
11
12
12
12
13
12
13
12
13
13
12
13
13
12
11
12
13
12
12
12
12
13
12
13
12
12
12
13
12
13
13
14
12
12
13
13
13
14
13
13
13
13
14
14
14
13
13
14
13
13
13
13
13
14
14
15
13
13
14
13
15
13
15
13
14
13
14
14
15
14
14
14
14
14
14
16
14
16
16
15
15
15
15
15
14
16
14
15
15
19
17
15
17
15
21
18
18
15
15
15
15
16
16
16
17
16
17
15
16
17
45
17
19
16
16
18
17
17
17
17
18
17
16
17
17
18
17
17
17
17
17
17
18
19
18
19
17
17
18
18
18
18
18
17
18
18
19
18
18
19
18
17
19
18
19
18
19
19
19
18
19
20
19
18
18
21
18
19
20
21
18
19
20
19
20
21
18
20
18
19
21
19
19
20
19
21
22
19
20
20
19
20
20
21
21
21
21
20
22
20
22
18
20
19
18
19
18
19
20
19
19
18
19
18
19
18
18
20
22
20
20
20
19
20
18
20
20
20
19
19
19
19
20
20
20
20
21
20
21
19
20
22
20
19
21
19
19
19
20
20
21
20
21
19
19
20
19
21
20
20
20
20
22
21
21
22
22
21
20
22
19
20
21
21
22
20
21
19
20
21
21
22
22
20
20
20
21
22
22
21
21
21
21
20
21
21
21
21
21
21
22
23
24
24
22
24
22
23
22
22
22
22
22
23
23
22
23
23
23
23
24
24
23
24
23
24
24
25
25
22
23
24
24
23
23
25
25
24
24
24
24
23
23
24
25
23
25
24
23
25
24
25
27
25
25
24
25
24
25
25
23
25
25
24
25
25
25
24
25
23
25
25
24
27
25
25
26
26
25
26
26
25
26
26
27
26
24
25
25
26
25
26
25
24
26
26
26
25
26
26
27
27
25
27
27
27
26
27
27
26
26
28
25
26
26
27
25
28
31
26
28
27
27
27
29
27
26
27
28
26
27
27
28
30
28
28
29
27
28
27
29
28
28
28
30
28
29
28
28
29
28
29
28
29
30
27
28
27
28
27
28
30
28
30
30
30
31
30
30
28
30
30
29
30
29
29
29
30
29
28
30
30
31
29
30
30
30
31
30
31
29
31
30
30
29
30
31
29
30
30
30
31
31
30
30
32
31
29
32
29
30
31
32
31
30
33
30
30
30
30
30
30
32
31
31
30
30
31
31
32
32
31
32
31
31
31
30
31
32
31
33
31
31
31
32
31
31
34
33
32
32
32
32
32
31
33
34
34
32
33
33
32
33
32
31
32
31
32
32
32
31
32
32
31
31
32
32
31
32
33
32
34
32
32
33
35
32
32
33
32
31
32
32
31
33
34
34
35
32
34
32
31
34
34
34
34
32
33
35
34
34
34
33
34
33
33
34
32
34
34
33
32
34
33
34
34
35
34
35
36
36
33
36
35
33
35
35
35
35
33
36
35
35
34
33
36
37
35
37
39
34
36
35
36
36
35
34
33
39
37
37
37
36
36
35
36
38
35
36
35
36
35
34
36
43
37
37
37
36
37
35
36
36
35
36
36
38
35
36
36
36
37
38
36
35
36
36
38
36
40
36
38
37
35
39
38
38
36
36
37
38
40
38
36
37
35
37
36
37
38
38
37
37
38
37
38
39
38
36
37
38
37
40
38
38
39
36
40
39
38
38
40
39
37
38
38
40
39
40
39
41
40
40
40
41
39
40
43
39
40
40
42
41
42
40
41
41
40
41
41
43
42
40
42
41
42
41
40
42
41
42
40
42
44
43
41
41
42
40
43
42
44
42
43
41
41
42
41
42
43
42
43
54
42
42
42
41
41
43
46
43
41
41
44
43
42
41
43
43
44
41
43
43
43
41
43
44
44
43
44
46
44
46
42
44
43
43
44
43
43
47
45
43
42
44
44
43
44
45
45
49
46
44
45
44
45
46
45
47
46
44
47
45
45
46
45
43
46
45
45
45
45
45
44
44
47
49
49
45
46
46
46
45
46
46
45
45
46
46
47
47
48
47
45
48
47
45
47
47
48
49
48
46
47
48
49
49
50
46
50
49
49
51
49
47
47
47
50
51
48
48
47
49
50
46
47
47
46
49
50
48
46
47
48
51
48
48
51
49
48
48
50
49
49
49
52
49
49
50
50
50
49
48
50
49
51
48
49
49
48
48
51
53
48
49
49
50
49
48
50
53
49
50
49
49
48
50
48
49
50
49
55
51
51
52
52
48
50
49
52
52
51
50
51
51
52
50
51
52
51
50
51
50
49
51
50
51
52
50
50
52
51
53
51
52
52
53
51
51
51
52
51
49
51
53
51
52
51
51
52
53
51
51
53
53
52
55
52
52
52
52
52
51
53
53
51
51
52
52
51
51
53
53
51
54
52
58
55
54
52
54
55
57
54
55
54
57
57
53
53
53
54
55
54
52
55
54
53
54
53
53
53
52
54
57
54
56
57
54
55
54
54
54
55
54
57
58
58
53
54
55
54
55
55
57
58
55
55
56
56
59
56
57
58
57
56
55
56
55
56
56
56
59
58
56
57
57
55
57
58
56
56
55
56
58
58
57
59
60
57
55
58
57
57
56
55
56
56
56
57
59
58
61
58
58
58
59
57
57
57
59
58
60
57
57
59
61
61
58
61
58
58
57
57
59
59
57
59
61
62
61
59
60
61
58
58
58
60
61
62
60
60
61
57
60
59
59
57
59
57
57
59
64
61
62
60
62
61
61
62
61
61
61
60
60
60
62
61
61
63
62
64
61
60
62
61
61
63
63
64
62
61
61
63
62
62
60
62
63
64
62
63
63
63
64
64
61
63
61
64
62
60
62
63
65
65
64
63
63
64
61
62
66
66
64
69
65
65
62
63
62
63
63
64
64
65
65
67
65
66
66
66
65
66
67
63
67
66
66
66
66
66
66
63
64
64
64
65
67
65
64
65
67
69
65
69
65
65
65
68
64
63
69
67
68
67
66
67
68
65
67
68
65
66
66
70
67
66
68
66
69
68
70
69
69
66
66
69
67
68
66
70
70
69
66
69
66
69
71
67
68
66
68
69
67
69
70
68
68
69
66
70
69
69
81
70
69
68
69
69
69
70
70
69
68
69
67
68
68
70
69
73
72
73
69
70
71
72
67
71
68
70
73
69
72
69
70
70
71
69
71
70
69
71
69
70
70
69
70
70
73
71
73
70
70
70
72
74
75
69
72
76
75
70
71
70
81
71
71
71
73
71
71
74
72
76
70
72
71
71
74
73
72
72
72
72
71
73
76
75
71
72
74
74
73
73
72
71
74
71
74
72
75
76
74
71
74
72
79
77
77
73
76
73
75
74
76
76
75
75
76
75
77
79
77
76
76
77
75
76
74
73
74
75
78
76
76
74
78
75
76
77
77
78
77
78
79
78
77
78
74
75
79
78
74
76
80
81
78
79
77
75
75
75
77
79
80
77
76
80
75
77
78
79
78
74
75
78
79
78
79
78
77
77
77
77
76
76
78
76
76
78
81
81
79
79
77
78
78
78
79
81
79
79
80
79
81
78
79
79
78
77
79
77
79
80
82
80
83
86
80
81
78
81
78
80
78
78
76
75
72
74
74
74
74
76
76
75
76
74
75
75
73
77
76
79
76
77
80
77
77
79
77
79
74
76
76
76
77
76
79
77
76
78
77
81
82
132
116
95
117
104
91
86
85
89
90
89
85
88
81
82
84
85
82
81
89
82
83
84
89
86
85
80
88
85
89
84
86
85
84
81
84
83
85
80
81
84
85
85
88
90
89
91
87
85
84
87
85
83
84
86
86
89
87
86
83
87
86
85
86
84
82
84
86
98
99
91
93
90
97
93
95
92
89
91
91
91
91
96
96
90
93
89
88
89
91
89
87
93
88
85
88
86
82
89
87
86
88
85
86
87
94
87
85
89
89
88
89
88
89
84
92
88
93
88
89
88
87
88
85
93
87
88
90
88
90
89
92
89
92
89
92
87
88
91
89
90
91
87
90
91
90
96
87
94
94
89
89
90
89
88
87
90
90
91
91
92
97
94
91
94
92
88
90
92
91
96
91
90
90
86
86
87
98
97
95
90
92
96
93
95
92
96
90
88
92
89
92
94
91
95
94
94
89
93
91
89
92
92
93
95
97
91
92
88
92
91
92
88
95
92
92
93
94
94
91
92
95
92
92
91
93
95
95
95
97
101
104
98
98
95
96
104
93
98
97
100
102
97
99
94
98
103
102
101
104
100
99
99
101
95
102
100
97
101
100
97
100
96
112
100
98
99
98
96
138
109
120
106
99
96
96
98
96
100
101
97
96
93
95
94
96
96
94
96
96
94
97
95
96
98
99
97
97
96
95
98
96
97
98
98
99
99
99
96
96
97
93
95
94
99
99
100
99
96
100
99
97
99
97
97
100
101
97
97
99
102
103
104
102
106
104
103
107
104
106
108
103
103
106
107
106
104
104
106
108
103
108
106
110
106
104
104
109
104
108
107
109
107
106
108
103
105
108
104
106
109
104
104
107
105
105
108
107
110
108
106
105
108
111
106
106
110
107
107
108
109
108
108
105
105
108
108
110
107
105
109
106
107
111
108
108
108
111
110
107
108
110
111
110
108
108
108
111
108
110
111
110
116
112
110
109
112
111
111
111
109
111
116
109
109
111
109
111
116
111
112
115
119
111
110
115
110
111
111
114
110
114
116
112
109
115
117
114
113
114
113
113
113
113
114
114
110
116
115
122
112
113
114
115
112
115
115
116
117
116
116
116
114
113
114
117
116
115
115
118
116
117
113
113
116
114
116
120
115
112
119
116
119
116
116
116
116
115
114
118
114
116
117
117
118
118
116
122
115
116
117
119
117
115
117
118
116
140
115
116
119
119
117
118
119
118
116
116
120
121
121
118
118
117
120
117
119
119
118
120
119
117
119
122
117
118
119
121
116
123
121
117
121
120
120
116
121
122
121
118
118
120
123
120
131
124
119
119
125
123
124
119
120
126
121
131
121
121
124
121
124
120
124
122
125
124
124
122
125
123
122
123
122
123
126
123
123
125
123
122
122
127
122
122
124
124
124
122
126
124
122
121
125
125
123
124
126
128
122
126
124
126
126
124
124
122
128
128
127
127
123
126
127
128
125
130
128
132
127
124
129
129
128
126
128
128
128
130
126
125
126
128
129
125
125
128
127
131
128
122
121
123
123
122
125
122
126
128
122
129
124
123
122
127
135
124
123
126
122
123
126
124
124
123
131
125
129
124
125
124
127
125
124
121
126
125
124
124
127
128
125
125
125
126
134
126
127
127
129
126
125
128
129
126
133
128
126
126
132
125
126
130
124
126
128
126
128
130
128
129
129
130
127
126
132
130
130
125
131
127
130
128
130
127
130
127
128
130
129
131
131
134
129
131
131
131
135
134
135
133
132
130
133
136
131
134
132
130
131
130
136
131
135
135
133
130
135
131
134
137
133
134
133
137
135
133
139
134
131
135
132
131
132
135
137
134
137
134
151
133
134
136
134
133
132
133
129
134
134
136
131
130
135
134
136
135
135
134
136
132
133
135
138
144
137
137
137
136
137
138
135
134
136
136
134
134
139
141
137
137
137
140
142
138
135
151
136
142
137
139
140
142
137
137
140
139
137
134
138
140
140
139
136
140
143
141
141
141
142
143
143
142
139
138
141
144
152
140
146
144
142
142
143
140
141
141
141
141
141
147
140
143
142
140
145
140
147
141
147
145
143
146
140
149
142
147
146
145
143
144
149
145
143
142
150
147
156
145
144
144
145
158
150
144
145
145
144
143
149
145
144
149
146
146
148
143
146
144
144
146
146
147
147
144
147
143
142
143
149
150
143
150
143
145
150
146
152
149
149
147
145
144
146
146
143
153
147
147
148
146
146
145
149
144
140
136
139
143
141
138
140
141
139
141
142
141
139
142
138
142
142
145
141
140
141
145
139
143
140
140
147
146
143
142
139
141
145
142
137
139
142
141
142
145
143
140
142
144
144
143
144
144
144
146
142
139
144
143
143
143
138
141
144
142
146
145
144
145
145
141
143
141
144
144
145
141
142
141
141
144
146
143
142
142
141
142
140
141
146
147
144
142
145
144
144
140
140
146
144
140
141
141
142
140
147
142
142
141
142
139
143
147
146
141
145
141
146
144
145
142
142
143
141
147
147
142
146
142
145
143
144
145
144
148
145
144
142
144
144
146
143
146
145
145
145
149
147
148
148
148
146
150
148
149
150
147
149
150
149
148
153
150
150
148
148
147
147
155
151
148
150
149
151
149
149
150
154
154
149
150
151
154
153
149
152
154
152
152
153
151
150
149
157
152
154
153
151
153
154
153
151
154
153
155
153
152
157
150
153
154
151
156
156
152
153
155
156
155
155
156
154
156
153
152
154
152
159
154
152
154
153
157
155
160
156
157
158
154
154
155
160
153
157
159
158
158
153
154
156
155
156
159
157
157
156
157
157
160
158
156
156
157
154
156
157
157
158
158
158
158
161
159
163
155
157
161
161
158
162
163
162
160
167
161
162
164
163
158
166
155
164
163
187
162
160
162
161
166
163
169
165
165
165
174
172
178
172
172
171
169
172
175
170
172
176
176
171
173
170
169
169
167
175
170
166
169
174
176
171
172
176
172
171
175
174
176
171
172
174
174
174
171
172
173
173
179
176
171
170
173
171
179
174
174
174
176
173
175
176
173
174
174
173
176
175
173
174
173
176
172
172
177
179
178
176
176
177
174
178
175
179
182
176
180
178
177
180
179
176
177
176
180
177
179
177
179
178
178
181
180
182
179
179
180
179
182
180
179
183
177
188
182
183
186
183
180
183
183
188
182
183
183
183
186
186
186
180
183
179
181
185
182
184
181
184
186
185
188
184
186
188
185
183
182
181
185
183
183
180
187
185
186
183
183
184
189
182
186
186
187
184
184
189
185
188
186
188
183
187
189
188
190
189
189
185
193
190
191
192
187
187
191
187
189
189
191
192
192
193
193
194
193
191
191
194
194
192
195
198
197
192
194
198
197
190
196
199
193
197
195
209
193
198
201
194
198
209
203
188
191
198
194
199
194
201
193
196
195
197
196
195
200
197
197
195
195
198
198
196
199
198
197
200
199
201
202
199
198
198
203
195
193
195
204
199
197
199
197
201
196
199
200
199
200
201
213
279
271
236
240
219
211
206
208
206
207
207
207
211
211
205
206
212
219
211
212
213
213
211
202
205
205
202
202
201
202
203
204
203
204
202
207
205
204
203
203
205
207
205
206
205
201
215
206
202
202
201
207
204
200
211
198
205
204
198
204
208
207
209
206
206
205
208
201
208
206
204
207
212
202
209
202
203
212
211
208
208
210
223
211
206
209
222
217
214
214
210
209
211
212
210
207
207
212
212
214
209
208
213
210
216
214
220
217
211
219
214
216
217
215
217
215
213
210
212
218
214
215
219
217
222
214
213
220
213
213
220
215
219
214
217
212
217
221
216
215
217
217
217
216
212
216
218
214
215
221
220
219
215
219
220
220
218
220
224
220
218
227
220
222
221
218
218
225
226
221
219
228
220
224
227
226
224
222
220
227
223
224
221
224
223
225
222
225
229
227
222
229
228
230
224
232
223
231
229
236
229
224
227
229
227
223
229
230
232
231
229
226
226
237
227
234
227
226
227
228
231
230
227
227
228
225
228
231
231
231
231
227
227
230
230
229
226
233
230
237
228
230
242
233
236
236
238
238
231
232
226
247
236
227
225
236
239
252
243
231
237
246
258
240
256
261
265
264
272
259
267
259
265
258
261
274
281
265
245
249
238
236
258
274
310
292
265
258
258
249
247
245
244
247
247
247
248
246
253
256
253
251
251
252
249
246
250
254
255
251
251
249
250
257
252
264
280
254
262
253
254
254
268
262
251
254
256
256
257
261
257
261
254
254
259
263
264
259
252
260
259
257
272
257
264
259
257
258
258
262
256
256
292
264
262
261
261
260
257
262
260
258
264
1
0
0
0
1
1
0
0
0
1
1
0
0
1
0
0
0
0
0
0
1
0
0
0
0
0
0
0
0
0
0
0
0
0
0
0
1
1
0
0
1
0
0
1
0
0
0
1
0
0
1
1
0
0
0
0
0
0
0
1
0
1
0
1
0
0
0
0
0
0
0
0
1
0
0
1
0
1
0
1
0
0
0
0
0
0
0
0
0
0
0
0
1
1
0
0
0
0
0
0
0
0
0
0
0
0
0
1
0
1
1
0
0
1
0
1
0
0
1
0
0
1
0
1
0
0
1
0
0
1
1
0
0
1
1
0
0
0
0
0
0
1
0
0
0
0
1
0
0
0
1
0
0
0
1
0
0
0
0
0
0
0
0
0
0
0
1
0
1
1
0
1
1
0
1
0
0
0
0
1
0
1
0
0
0
1
1
1
0
1
0
0
0
1
1
0
0
1
1
1
1
0
1
1
0
1
1
0
0
0
0
1
0
0
0
0
0
1
0
0
1
1
1
0
1
1
1
1
1
0
1
1
1
1
0
0
1
0
1
1
0
0
1
1
1
1
1
0
0
1
0
0
1
1
1
1
1
0
1
1
0
0
0
1
1
1
1
1
1
0
1
1
1
1
1
1
1
1
1
1
1
1
1
1
1
1
1
1
1
1
1
1
0
1
1
1
1
1
1
2
1
1
1
1
1
1
1
1
1
2
1
1
1
1
1
1
2
1
1
2
1
1
1
1
1
1
1
1
1
1
1
1
1
1
1
1
2
1
1
2
1
1
2
2
1
1
2
1
2
2
2
2
2
1
2
1
1
1
2
2
2
2
1
2
1
2
1
2
2
1
1
2
2
2
2
2
2
2
1
2
1
2
1
2
1
2
2
2
2
2
2
2
1
2
2
1
2
2
2
2
2
2
2
2
2
2
2
3
2
2
3
2
2
2
2
2
2
2
2
3
3
2
3
3
2
3
2
3
3
3
2
2
2
3
3
3
3
2
2
3
3
3
3
2
3
2
2
3
3
2
3
3
2
3
3
3
2
3
3
3
3
3
4
3
3
3
3
3
3
2
3
3
3
3
2
4
3
3
3
3
3
3
3
3
2
3
3
3
3
2
3
3
3
4
3
3
3
3
4
3
3
3
3
3
4
4
3
3
3
3
4
3
3
3
3
4
3
4
4
4
3
3
4
3
3
4
4
4
3
4
4
4
4
3
4
4
3
4
4
4
4
4
4
4
4
4
4
4
4
4
5
4
4
4
4
4
4
4
5
5
4
4
5
3
5
4
4
5
5
4
5
4
4
4
4
4
4
4
4
5
6
5
4
5
5
4
4
5
5
4
6
4
5
4
5
5
4
5
5
5
5
4
5
5
5
4
6
5
5
5
5
6
5
5
5
6
6
5
6
5
6
5
6
6
6
6
5
5
5
5
6
5
5
6
5
5
6
5
6
5
6
7
6
5
7
5
6
6
7
5
5
6
5
6
6
6
6
6
6
6
6
6
7
6
6
7
7
7
6
6
6
6
7
6
6
7
7
7
7
6
7
6
6
7
7
6
7
6
7
6
7
7
8
7
7
7
6
8
8
7
7
7
8
7
7
8
6
7
7
7
7
8
7
7
8
7
7
7
8
7
8
8
7
7
9
7
8
8
8
7
8
8
8
8
7
8
8
8
7
7
8
8
9
7
9
8
8
9
7
8
8
8
7
8
8
8
9
8
8
8
8
8
9
9
8
8
8
9
8
8
8
7
8
9
8
9
8
8
8
9
9
8
9
9
9
8
9
10
10
9
9
8
9
9
9
8
9
9
9
9
9
9
10
9
10
9
9
9
9
10
9
9
9
9
9
9
9
9
9
10
9
9
9
10
10
9
9
9
11
10
10
11
10
11
10
10
10
10
11
11
11
10
10
10
11
11
10
10
11
11
10
12
11
12
11
11
11
11
12
11
11
11
11
12
10
12
11
11
10
12
12
13
12
11
11
11
12
11
11
12
10
11
11
11
12
12
14
12
11
12
12
12
12
12
12
11
12
12
12
12
12
12
13
12
13
12
12
13
12
12
12
12
12
14
12
13
13
12
12
13
13
12
13
14
14
14
13
14
13
12
13
13
14
13
13
13
12
12
13
14
13
14
14
14
13
14
14
14
14
14
13
13
14
15
14
14
13
14
16
14
14
14
13
14
14
15
15
14
15
14
15
15
15
15
14
17
15
16
16
15
16
15
15
15
16
15
18
17
17
17
18
16
17
17
17
17
17
16
16
17
17
17
18
18
18
18
16
17
17
17
18
17
18
18
16
17
17
18
18
20
19
18
17
19
18
18
20
19
19
18
18
17
18
18
18
20
18
18
19
20
17
19
18
19
19
18
20
18
18
20
19
19
19
19
19
21
20
20
19
19
19
19
20
20
19
19
19
18
20
19
19
21
19
19
19
19
20
19
20
19
21
19
17
19
19
18
19
19
20
19
19
19
19
19
19
19
19
19
20
21
19
19
19
19
21
19
20
20
20
20
20
19
20
21
19
21
20
19
20
19
19
19
20
20
20
20
21
21
20
20
19
18
19
19
21
19
19
20
20
21
21
20
20
21
21
23
21
20
19
21
21
21
22
22
22
21
22
22
21
22
21
21
21
21
22
20
20
21
21
20
21
20
21
22
22
22
20
21
22
20
21
21
22
23
23
25
23
21
22
22
22
23
22
23
22
22
23
21
22
23
21
22
22
23
22
23
25
26
22
24
23
22
23
23
24
23
23
22
23
23
23
23
25
23
23
24
26
24
23
23
24
24
24
24
25
24
23
25
26
25
23
25
24
24
24
23
24
24
25
25
25
25
24
24
24
25
26
24
23
25
27
25
26
25
25
26
25
25
25
26
25
26
25
27
27
26
27
26
27
28
26
26
27
26
25
26
26
25
26
25
26
26
27
27
26
27
27
26
26
25
27
25
27
28
27
27
26
30
27
28
26
27
28
26
27
27
27
26
27
29
28
30
29
30
27
28
28
28
28
28
27
28
29
28
27
26
28
27
30
28
29
30
29
29
28
28
28
29
27
29
28
28
30
28
29
29
27
28
28
29
28
28
29
29
31
31
30
30
29
30
30
30
29
29
29
29
30
30
30
29
30
29
30
29
29
28
29
30
29
30
30
28
30
30
30
30
30
29
31
31
31
31
29
30
30
30
31
30
30
30
30
29
31
32
31
31
31
32
30
33
33
31
31
31
30
30
32
31
30
30
32
31
30
31
30
31
32
32
31
33
33
32
32
34
31
30
32
32
32
33
32
32
33
32
31
31
32
31
30
32
32
31
33
31
31
33
32
31
30
32
34
32
32
33
32
32
33
32
33
31
33
32
33
32
33
35
35
35
34
32
32
32
34
32
33
33
33
32
34
33
33
32
33
34
32
33
35
34
31633
521
631
723
430
148
144
147
139
135
146
150
135
173
143
157
287
131
704
157
160
138
200
11395
156
157
153
139
114
148
166
207
220
197
134
158
138
154
155
146
172
162
154
161
144
165
160
157
158
157
151
257
165
147
149
140
152
102
151
136
145
154
150
153
149
143
166
171
155
157
159
190
95
128
149
162
167
186
172
170
182
185
182
210
1169
176
164
176
142
152
170
161
154
147
148
165
104
175
146
131
262
139
155
182
178
166
170
139
164
140
196
192
170
139
129
160
154
152
154
149
138
148
12791
154
153
151
149
168
166
136
146
196
155
170
170
176
172
140
180
160
154
160
166
165
172
166
168
158
160
155
146
180
154
149
183
189
148
156
164
156
162
165
153
150
149
152
173
161
174
163
150
167
201
156
163
155
141
143
151
151
168
171
132
156
153
152
154
159
164
165
145
166
167
151
161
172
155
158
148
153
167
158
167
161
165
156
155
165
168
159
163
170
159
162
148
146
136
152
130
227
147
157
157
143
153
161
151
151
148
168
154
159
241
172
94
200
161
164
168
162
155
160
145
138
156
159
144
136
146
167
151
164
154
158
156
145
151
174
144
155
182
156
174
181
165
168
173
203
178
168
186
212
164
191
209
183
229
176
151
179
175
174
164
162
184
157
143
144
149
158
152
151
158
171
181
191
171
183
174
169
165
170
195
172
184
184
177
190
170
196
101
88
143
145
175
169
169
184
180
191
191
188
176
165
188
149
152
158
151
158
196
130
156
179
197
173
166
173
173
165
171
187
208
195
221
196
202
213
183
172
169
169
193
194
163
158
176
184
198
165
177
177
160
183
198
213
182
210
198
177
208
178
199
162
164
175
158
181
183
162
177
200
172
175
191
200
176
159
145
133
146
141
124
137
131
201
132
241
159
143
165
194
281
153
138
162
161
162
153
191
124
184
147
199
256
164
187
183
175
145
146
147
154
167
170
163
163
139
177
162
179
160
172
169
175
151
143
151
152
150
154
157
168
168
163
151
156
179
179
198
141
150
143
275
155
157
153
155
140
163
143
151
140
162
153
145
132
149
137
146
155
145
154
138
145
116
175
191
153
158
159
190
148
146
146
135
162
131
123
133
121
163
126
149
162
97
146
161
138
131
162
210
140
154
168
183
157
162
138
144
138
114
148
94
142
147
146
159
135
157
142
148
166
187
149
162
158
176
179
171
42846
5191
404
166
149
138
154
147
145
169
157
147
140
157
156
166
145
145
132
134
147
128
146
156
141
155
155
149
165
159
150
188
172
153
183
176
186
173
167
182
166
152
149
134
142
154
147
141
154
134
152
158
151
155
32747
11
5
6
5
6
5
5
7
6
5
6
6
6
6
6
6
6
7
6
6
6
6
7
6
6
6
6
6
6
6
6
7
7
7
7
6
7
6
7
6
7
7
7
7
7
6
7
7
6
7
7
6
7
8
7
9
6
7
6
7
7
6
6
7
6
7
7
7
6
7
7
6
8
7
8
7
7
7
8
7
8
7
8
7
7
8
7
7
8
7
8
7
8
8
8
7
8
7
7
8
8
10
8
8
8
8
9
8
9
8
9
8
8
9
8
8
8
8
9
9
8
8
8
8
8
7
9
8
9
8
9
9
9
8
9
8
9
8
8
9
9
8
8
9
9
10
9
8
9
9
8
9
9
9
9
8
9
11
9
9
8
10
9
9
10
11
9
9
9
9
8
11
9
10
9
9
9
9
9
10
9
10
10
10
11
9
10
9
10
10
10
10
10
9
10
11
10
11
10
10
10
9
10
11
10
10
10
11
10
10
10
10
12
11
10
11
10
11
10
11
10
11
11
11
10
10
11
11
11
10
11
11
10
11
11
12
12
11
12
11
11
11
11
11
11
12
12
11
12
13
11
12
12
12
14
12
13
12
13
13
12
11
13
12
12
15
12
12
11
12
12
13
13
12
12
12
13
13
14
13
13
12
15
12
12
12
12
13
13
13
14
13
12
12
14
13
12
13
15
13
13
13
14
13
14
13
14
14
13
14
15
14
13
13
13
13
13
14
14
14
14
13
14
14
15
13
14
13
14
14
14
14
15
16
14
15
15
14
15
14
15
15
17
15
15
16
14
16
15
15
15
16
15
16
15
16
15
16
15
16
15
15
16
17
17
16
16
17
16
17
16
16
16
15
15
16
16
15
16
17
18
17
18
18
17
18
19
17
18
17
18
19
17
17
17
18
22
20
18
19
17
18
17
18
17
18
20
20
19
4807
22
18
19
20
18
19
18
18
18
18
18
20
19
20
20
19
19
19
20
21
19
20
19
19
20
21
20
20
21
20
21
21
20
20
20
20
20
20
21
21
20
20
20
21
21
20
23
22
21
22
21
21
22
21
21
22
21
22
19
21
22
22
22
21
21
22
21
21
22
20
22
22
24
23
23
22
22
24
22
22
24
23
23
22
22
23
23
22
22
22
24
22
22
21
20
21
20
21
20
20
20
23
22
22
22
22
23
21
20
21
21
21
22
22
21
21
21
21
21
23
24
22
22
24
24
22
22
23
22
21
21
21
23
23
23
22
24
22
22
22
23
24
23
24
23
23
22
22
24
22
22
22
23
24
24
24
23
23
23
24
25
23
24
22
22
24
22
23
24
23
24
23
22
22
24
24
23
23
26
24
25
24
22
23
23
26
24
24
25
24
25
24
24
25
25
25
25
26
24
25
25
25
25
25
25
24
25
26
24
24
26
26
26
25
28
26
25
27
25
26
27
26
26
25
26
26
26
27
25
26
25
25
27
26
26
26
27
26
26
26
25
26
26
26
27
29
27
27
28
27
28
27
31
25
27
27
29
27
27
28
28
30
27
28
26
26
27
29
28
29
28
29
27
28
29
30
27
28
30
28
30
29
29
30
29
29
28
29
29
28
31
30
28
28
29
28
29
28
30
28
29
29
29
29
28
29
29
28
29
28
29
29
31
29
31
30
28
29
28
30
31
29
31
29
30
30
31
31
30
31
31
30
32
30
31
30
29
31
31
32
30
31
31
32
30
30
31
31
32
32
32
33
31
33
30
32
33
32
32
31
33
32
32
33
33
34
31
33
31
32
33
34
32
33
32
31
31
33
34
33
34
33
31
34
34
32
33
33
34
33
33
34
32
34
31
34
33
34
33
33
33
34
34
34
35
37
33
32
34
33
36
35
33
32
36
32
34
33
35
33
34
34
32
32
33
35
34
34
35
34
33
34
32
34
35
34
34
34
35
34
36
34
35
36
34
33
35
34
36
35
36
36
35
34
36
36
35
35
36
34
35
36
36
35
35
35
35
35
35
34
36
34
34
37
36
36
35
35
35
35
36
36
36
36
34
35
36
36
37
36
36
36
34
37
35
36
37
37
38
36
35
37
36
36
36
36
36
36
38
37
36
37
37
37
36
36
37
40
36
38
35
38
36
38
36
37
37
37
38
38
37
37
36
37
37
37
36
38
41
42
38
39
40
40
39
39
38
37
38
37
38
38
38
38
38
40
38
40
37
38
38
40
40
37
39
38
39
39
41
39
41
41
39
40
39
40
40
39
40
44
47
55
45
40
40
44
43
40
39
41
39
39
39
38
43
44
41
43
41
41
41
40
41
41
40
39
40
41
40
42
41
41
43
40
41
44
40
40
42
40
42
43
41
41
41
43
46
42
40
43
43
43
40
41
43
40
41
42
41
41
42
42
40
41
41
42
42
41
40
41
42
40
44
40
42
42
44
41
42
42
42
44
42
42
42
42
43
42
43
43
44
43
44
44
43
44
43
45
44
44
43
44
42
44
45
42
42
43
45
44
45
45
44
45
45
46
47
47
46
46
44
45
46
45
45
45
45
45
45
45
43
44
47
47
46
44
45
44
44
46
46
44
44
44
46
48
48
46
45
46
44
45
44
46
45
47
46
48
45
47
46
46
46
45
48
47
45
47
46
45
47
46
46
46
47
46
47
46
47
47
46
48
48
48
48
50
47
51
50
46
46
46
49
48
48
47
48
48
47
50
48
48
50
47
47
48
50
49
49
48
48
51
47
51
49
49
52
51
48
48
49
49
49
48
49
49
49
49
50
50
51
49
51
51
50
48
50
51
50
51
49
50
49
49
48
50
50
50
50
50
52
50
48
49
51
51
53
51
51
50
50
50
50
50
49
49
50
51
51
51
51
53
53
50
52
56
51
52
51
50
53
51
51
50
49
50
51
51
52
52
52
50
50
52
51
59
54
53
54
52
52
50
54
52
51
56
51
51
52
3
2
1
2
1
1
1
1
1
0
0
1
1
0
1
1
1
1
1
1
1
1
1
0
1
1
1
0
1
1
1
1
1
1
1
1
1
1
1
0
1
1
1
1
1
1
1
1
1
1
1
1
1
1
1
1
1
1
0
1
1
1
1
1
1
1
1
1
1
0
1
1
0
1
1
1
1
1
1
1
0
1
1
1
1
0
1
1
1
1
1
1
1
1
0
1
1
1
1
1
1
1
0
1
1
1
1
1
1
1
1
0
1
1
1
1
1
1
1
1
1
1
1
1
1
1
0
1
0
0
1
1
0
1
1
1
1
1
1
1
1
1
1
1
1
1
1
1
1
1
1
1
1
1
1
1
1
1
1
2
1
1
1
1
1
1
2
1
1
1
1
1
1
1
1
1
1
1
1
2
1
1
2
1
1
1
1
2
1
1
1
1
1
1
1
1
1
1
1
1
1
2
1
1
1
1
1
1
1
2
2
1
1
1
1
1
1
1
1
1
1
1
1
1
1
1
1
1
2
1
1
1
1
2
1
1
1
2
1
1
2
1
2
2
1
1
1
1
2
1
1
1
1
1
2
1
1
2
2
1
1
2
2
2
2
1
2
1
1
2
2
2
1
2
1
2
2
2
1
2
1
2
2
2
1
2
2
1
2
2
1
2
2
2
2
2
2
2
2
2
2
2
2
2
2
2
2
1
2
2
2
2
2
2
2
2
2
2
6
2
2
2
2
2
2
3
2
2
2
2
1
2
2
2
2
2
2
1
2
2
1
2
2
2
2
2
2
2
2
2
2
2
2
2
2
2
2
3
3
3
3
3
2
2
2
2
2
3
2
3
2
3
2
3
3
2
2
2
2
2
2
3
2
2
2
3
2
2
3
2
3
3
3
3
2
2
2
3
3
3
2
3
2
3
3
2
2
2
2
5
2
3
3
3
3
3
2
3
3
3
3
3
3
3
3
3
3
4
3
3
3
3
3
3
3
3
3
3
3
3
4
3
3
4
3
3
3
3
3
3
4
3
3
4
3
4
3
3
4
3
4
4
3
3
3
3
3
3
3
3
4
3
4
3
4
4
4
3
4
3
4
4
3
4
3
4
4
3
9
4
3
4
4
4
4
3
4
4
4
4
4
3
4
4
4
4
4
4
4
4
4
4
4
3
4
4
4
5
4
5
4
4
4
4
5
4
5
4
4
4
4
4
4
4
4
4
4
5
3
4
5
5
4
5
5
5
4
4
4
5
5
4
4
5
4
5
4
4
5
4
5
5
4
5
5
4
5
5
5
5
5
4
6
5
5
6
5
5
5
6
6
5
6
5
5
6
6
6
6
6
5
14
6
5
6
5
6
6
6
6
5
6
6
6
6
6
6
6
6
5
6
6
7
6
5
6
7
6
6
6
7
6
6
6
6
7
7
7
6
3
1
1
1
1
1
1
1
1
1
1
1
1
0
1
1
0
1
1
1
0
1
1
1
1
1
1
1
1
1
1
1
0
1
1
1
1
1
1
1
0
1
1
0
1
1
1
0
0
1
1
0
1
1
1
1
0
1
1
1
1
1
1
1
1
1
1
1
1
1
1
0
1
0
1
1
0
1
0
1
1
1
1
1
1
0
0
1
1
0
1
1
1
1
1
1
1
1
1
1
0
1
1
1
0
0
1
1
1
1
1
0
1
1
1
1
1
1
1
0
1
1
1
1
1
1
1
1
1
0
1
0
1
1
1
1
1
1
1
1
0
1
1
1
1
1
1
1
1
2
1
1
1
1
1
1
1
1
1
1
1
1
2
1
1
1
1
2
1
1
1
1
1
1
1
1
1
1
1
1
1
1
1
1
2
1
1
1
1
1
1
1
1
2
1
1
1
1
1
1
1
1
1
1
1
2
1
2
1
1
1
1
1
1
1
1
1
2
1
2
2
1
1
1
1
2
1
1
1
1
1
1
15
4
1
1
2
1
2
2
1
1
1
34
2
2
2
2
2
2
2
1
2
1
1
2
1
1
2
2
2
2
2
1
1
1
2
2
2
1
1
1
1
2
2
2
1
1
2
2
2
2
1
1
2
1
1
2
3
1
2
1
2
1
1
1
2
1
2
1
2
2
1
2
2
2
1
2
2
2
2
2
1
2
2
2
2
2
2
2
2
2
2
2
2
1
2
2
2
2
2
2
2
2
2
2
2
2
2
2
2
3
2
2
2
2
2
3
2
2
2
2
2
2
3
2
3
2
2
2
2
2
2
2
2
2
2
2
3
2
3
3
3
2
2
3
3
2
3
3
3
3
3
3
3
2
3
3
2
3
3
2
3
3
6
3
3
2
3
3
3
2
2
3
3
3
3
3
3
3
3
3
3
3
3
4
3
4
3
4
3
3
3
3
3
3
3
3
3
3
3
4
3
3
3
4
3
3
4
3
3
3
4
4
3
4
4
4
6
4
3
4
3
3
4
3
4
4
4
3
4
3
4
4
3
14
3
957
3
10799
2
1
1
1
1
1
1
1
1
1
1
0
1
1
1
1
0
0
0
1
1
1
1
1
1
0
1
1
1
1
0
1
1
0
1
1
1
1
1
0
0
1
1
1
1
0
1
1
1
1
1
1
1
1
1
1
1
1
1
0
1
1
1
0
0
1
1
1
1
0
1
1
0
1
1
1
0
1
1
1
0
1
1
1
1
1
1
1
1
1
1
1
1
1
1
1
1
0
0
1
1
1
1
1
1
1
1
0
1
1
2
1
1
1
1
1
1
1
1
0
1
1
1
1
1
1
1
1
1
1
1
0
1
1
1
1
1
1
1
1
1
0
1
1
1
0
1
1
1
1
1
1
1
1
1
1
1
1
1
1
1
1
1
1
2
2
2
1
1
1
1
1
1
1
1
1
1
1
1
1
1
1
1
1
1
1
1
1
1
1
2
1
1
1
1
1
1
1
1
1
1
1
1
1
1
1
1
1
1
1
2
1
2
1
1
1
1
1
1
1
1
1
1
1
2
2
1
2
2
1
1
1
2
2
2
1
2
1
1
1
1
1
2
1
1
1
2
1
1
1
2
1
1
2
1
2
2
1
1
1
2
1
2
2
2
2
2
2
1
2
2
2
1
2
2
2
2
2
1
1
2
2
2
2
2
2
2
2
2
1
2
2
2
2
1
2
2
2
2
2
2
2
2
2
2
2
1
2
2
1
2
1
1
2
1
1
2
2
1
2
2
2
2
2
2
2
2
2
2
3
2
2
3
2
1
2
2
2
2
2
2
2
2
2
2
2
2
2
2
2
2
3
3
2
2
2
2
2
2
2
2
2
3
3
2
2
2
3
2
2
2
3
2
2
3
2
3
3
3
3
3
3
2
2
3
2
2
3
3
3
3
3
2
3
3
2
3
3
2
3
3
3
3
2
3
3
2
3
3
2
2
3
3
3
2
3
3
3
3
3
3
2
3
3
3
3
3
3
3
2
4
3
3
3
4
3
3
3
3
3
3
3
3
3
3
3
4
3
3
3
4
3
3
3
3
3
3
3
4
3
3
3
4
3
4
3
4
3
3
4
3
4
3
4
3
3
3
4
4
4
4
4
4
4
4
4
3
4
4
4
3
4
4
4
13873
4
4
4
3
3
4
4
4
4
3
3
4
4
4
4
4
4
4
4
4
5
4
4
4
4
4
4
4
4
4
5
4
4
4
5
4
5
4
4
4
4
4
4
6
5
4
4
5
4
4
4
4
5
4
4
5
5
5
5
5
5
5
4
4
6
5
5
5
5
5
5
5
5
5
6
5
5
6
6
6
5
6
4
5
6
6
5
6
6
5
6
5
5
6
5
6
5
6
6
7248
5
5
6
6
6
5
5
6
5
5
6
5
5
6
6
6
6
6
6
6
6
6
6
7
6
6
7
7
6
7
6
6
7
5
6
6
6
7
6
6
7
7
7
6
7
7
6
6
6
6
6
6
6
6
7
7
6
6
7
7
6
7
6
7
7
7
6
6
7
7
7
7
7
6
7
7
7
7
6
7
7
8
8
7
7
7
7
7
7
7
7
7
8
7
7
9
7
8
7
7
7
9
7
8
7
8
8
8
8
7
8
8
8
8
7
9
9
7
8
7
9
8
9
8
7
8
8
9
8
10
8
9
8
8
9
8
8
8
8
8
8
9
9
9
9
8
8
8
8
10
8
8
8
9
9
9
8
9
9
9
9
9
9
9
8
9
9
8
9
9
11
9
8
9
9
9
9
9
9
9
9
10
9
10
9
10
10
10
9
9
11
10
9
9
10
9
9
10
10
7673
10
9
9
10
10
11
10
9
9
10
10
10
10
10
10
10
10
10
10
10
10
10
11
11
10
11
11
10
10
10
10
11
11
11
11
11
11
10
11
11
12
12
11
11
11
11
12
12
10
11
12
12
12
11
12
12
12
12
12
11
11
11
11
12
13
12
12
11
11
12
12
12
13
12
12
12
12
11
12
12
13
12
12
12
12
12
14
12
12
13
12
12
12
13
13
13
13
12
12
13
12
13
13
13
12
13
13
13
12
13
13
12
14
14
13
13
13
13
14
13
13
13
14
13
13
13
13
13
14
15
14
13
13
14
14
13
14
14
14
13
15
15
15
14
15
14
14
13
14
14
15
14
14
16
14
14
14
15
15
15
15
14
16
16
15
15
16
15
15
16
15
15
15
15
16
15
15
16
16
16
17
16
17
17
17
17
17
17
17
17
16
17
18
17
17
17
16
16
17
242807
454
688
687
666
686
690
